1.000000000000000000e+00 0.000000000000000000e+00
1.157894736842105310e+00 1.466034741918754436e-01
1.315789473684210620e+00 2.744368457017603569e-01
1.473684210526315708e+00 3.877655310087634311e-01
1.631578947368421018e+00 4.895482253187057875e-01
1.789473684210526327e+00 5.819215454497209672e-01
1.947368421052631415e+00 6.664789334777838636e-01
2.105263157894736725e+00 7.444404749474957672e-01
2.263157894736842035e+00 8.167611365271219004e-01
2.421052631578947345e+00 8.842024173226544770e-01
2.578947368421052655e+00 9.473813189441862015e-01
2.736842105263157521e+00 1.006804739414986827e+00
2.894736842105262831e+00 1.062894206066030245e+00
3.052631578947368141e+00 1.116004031379978834e+00
3.210526315789473450e+00 1.166434885006870648e+00
3.368421052631578760e+00 1.214444104193231233e+00
3.526315789473684070e+00 1.260253640224525462e+00
3.684210526315789380e+00 1.304056262882918427e+00
3.842105263157894690e+00 1.346020461981950689e+00
4.000000000000000000e+00 1.386294361119890572e+00
